image: laby01.pgm
resolution: 0.0490000
origin: [-44.30, -20.50, 0.000000]
negate: 0
occupied_thresh: 0.65
free_thresh: 0.196

